28030182
28037382
27928652
28131187
27880480
28150905
27975116
28156531
27797318
28052876
27953555
27815686
27576044
28127635
27677926
28049734
27966604
28111091
28155993
28093491
28077401
28136902
28091603
28135980
27632544
28113932
28006060
28078732
28163680
28149241
27902585
28066444
27998438
28111936
27965011
28111155
27816787
27995878
28007699
28023808
27708768
27963129
27774579
28102809
28161382
28142342
28100550
27983072
27793286
28057030
28049158
27910720
27730432
28113683
28040166
27956147
28032966
27740966
27709043
28136448
28104806
28009100
28107129
27754630
28045977
27750995
28142464
28039193
28050752
28088966
28178316
28087123
28090195
28064985
28056672
27337580
28001747
28052761
28073817
28045478
28039046
28122995
28087424
28040620
28121849
28109427
27950291
28003737
28163724
28134380
27677145
28109932
27942624
28079257
27806291
28087686
27809286
28122380
27743744
27989056
28005996
27704070
28047027
28074483
28050156
27763436
27963673
27782604
27976396
28017612
28091955
28060217
27937664
28087846
27775110
28183827
28103897
28189651
27681184
28067104
28110841
27982892
28055155
27918048
28043443
27745715
27589139
28091609
27937792
27732262
28098764
27993881
27725120
27922144
28037644
28037792
28000428
28061049
27614259
28041446
27609875
27695641
28088345
27989740
28017158
27734899
28058988
24040537
28056288
27908992
27958380
27934758
28011251
27846604
27979974
27852716
27574758
27983059
27605856
28007398
28124902
28061798
27957260
28162412
28046400
27902329
28139104
27912294
