34260889
34179180
34091353
34244857
34210137
34196198
34294969
34207040
34182067
34244198
34228192
34140300
34129510
34018368
34167161
34043078
34098304
33794816
34283500
34192640
33858745
34280723
34288441
34164716
34002195
34159340
34232480
34080665
34156000
34002214
33993728
34238604
34243225
34130566
34287289
34298291
34247046
34206899
34220448
34154982
33645715
34247225
34197798
34253152
34266400
34308960
34214406
33682604
34155027
34270828
34283737
34247468
33990592
34224678
34078611
34281696
34164249
33964153
34276691
34256550
34258112
33525107
33970848
34141856
34207756
34126476
34110220
34271404
34075641
34201664
34168556
34294432
34123315
29046976
34154201
34257830
34225286
34229356
34116102
34249555
34089177
34143948
34285382
34299558
34010310
34228345
34035033
34080134
34036275
34039865
34110790
33975347
34298092
34237868
34103692
34285420
34111302
34225881
34277312
34183526
34303507
34193433
34307161
34195923
34252524
34283936
34233465
34288339
33835180
34167820
34062329
