7675356
7646467
7645017
7640828
7661827
7781254
7668160
7638774
7605846
7631168
7619523
7616016
7750556
7602003
7778121
7654848
7633200
7597763
7643488
7753772
7611424
7642691
7638092
7698662
7651436
7764883
7619382
7763612
7629833
7657004
7644870
7656284
7776691
7617036
7663123
7760080
7644553
7644688
7629350
7633094
7625430
7643846
7632076
7618425
7612067
7616470
7584960
7762908
7577561
7591862
7588620
7609776
7584988
7683558
7606860
7767369
7591187
7602579
7772457
7601702
7589369
7600534
7592768
7596777
7583168
7616272
7598134
7349958
7698710
7607219
7595609
7617718
7629632
7646537
7583216
7671859
7632624
7748649
7644432
7781097
7592361
7777104
7631827
7586723
7622044
7634992
7622819
7668374
7624380
7748467
7650540
7623158
7804428
7617744
7602227
7623782
7793686
7616595
7641433
7625612
7639424
7781065
7703628
7747036
7781369
7419168
7610198
7603702
7603440
7600150
7596992
7590656
7762995
7608016
7607843
7595737
7734278
7604576
7587024
7616054
7613977
7567452
7571635
7605705
7584464
7598118
7613392
7617817
7608582
7608313
7600291
7587852
7599212
7552150
7577916
7761952
7587324
7609616
7602883
7572076
7635750
7629081
7621158
7732371
7649302
7772137
7617606
7439904
7610128
7599417
7621865
7597353
7619590
7593443
7602809
7676409
7621248
7642150
7769622
7664025
7770899
7614003
7697856
7597443
7587107
7643776
7607750
7603609
7564665
7589987
7642899
7775008
7648012
7647894
7622320
7620812
7678332
7661884
7691539
7641388
7645222
7717440
7681808
7702380
7611420
7655513
7660902
7624115
7627993
7667436
7650176
7647052
7601708
7719062
7607347
7624409
7558003
7587945
7683696
7592790
7790310
7601737
7601670
7601600
7622140
7790931
7639030
7596192
7630048
7627174
7667772
7654233
7655884
7761075
7642019
7617155
7629510
7620915
7638726
7660732
7589014
7770416
7695126
7644412
7617142
7762073
7589068
7694803
7597574
7746611
7606435
7589664
7591865
7742150
7411436
7758556
7760329
7537641
7597648
7599475
7599948
7617507
7597299
7615046
7582774
7590182
7591264
7616608
7577824
7620835
7755008
7590134
7633452
7671587
7626435
7574256
7591955
7618784
7611561
7652428
7592508
7626118
7589702
7602832
7609324
7619392
7642156
7623868
7615340
7622707
7630374
7617744
7772768
7630016
7618300
7287888
7650320
7608038
7611878
7631955
7629904
7758230
7557078
7694329
7645836
7618057
7617568
7601763
7651968
7564320
7593760
7632124
7666659
7589683
7588624
7621420
7601590
7756876
7621024
7778668
7615177
7596060
7601206
7672272
7597798
7624339
7577075
7623414
7562560
7639715
7641500
7587372
7602076
7774969
7593929
7426371
7608748
7578300
7589891
7589436
7586540
7621772
7594992
7585321
7639958
7597577
7579968
7742400
7612908
7600704
7591264
7607500
7621011
7640348
7584454
7608934
7621824
7701267
7753344
7778902
7760969
7739600
7591964
7606038
7702425
7791254
7698515
7605161
7588774
7798134
7630585
7597721
7733545
7597113
7612259
7618310
7610899
7782556
7615824
7765910
7626396
7703945
7576048
7639100
7605993
7613184
7618892
7596588
7620710
7602435
7652291
7621302
7775036
7601273
7764105
7638182
7627961
7594803
7642428
7637827
7601068
7787331
7658617
7773344
7775024
7775177
7636499
7661510
7643913
7620272
7652140
7598752
7611347
7636976
7610227
7640118
7748476
7621612
7591388
7619756
7789385
7636998
7647638
7645827
7644588
7746224
7763945
7769859
7674326
7581491
7599574
7588908
7776169
7604678
7646265
7670969
7587689
7593622
7594563
7579987
7773420
7606540
7600003
7600556
7791555
7581116
7593168
7625219
7602496
7657241
7645740
7632630
7651136
7628736
7602288
7775395
7630364
7626006
7643769
7447068
7649846
7634163
7631116
7669756
7679427
7655846
7752428
7782700
7663536
7637520
7594963
7640544
7773123
7670540
7621590
7644864
7616384
7659552
7612550
7669987
7589852
7636217
7629267
7670371
7622969
7415955
7748416
7599875
7606089
7788800
7598803
7624860
7601660
7736940
7601593
7613459
7773612
7783571
7572428
7782236
7766640
7607052
7586902
7576662
7770384
7593206
7606736
7598169
7594025
7624371
7738758
7775532
7766144
7603884
7711932
7623574
7591932
7605635
7606486
7777340
7603750
7626227
7626857
7668198
7766364
7607865
7765081
7599011
7593753
7769852
7662096
7656748
7618499
7669196
7612000
7624796
7637990
7625478
7655587
7649382
7679964
7650048
7663657
7640361
7617427
7764985
7765872
7655654
7793094
7631753
7605376
7603673
7614790
7645798
7685456
7786457
7763904
7681968
7637184
7773344
7784144
7619366
7603820
7619606
7636617
7771968
7585875
7620889
7660675
7719084
7771795
7636012
7802998
7778662
7612736
7607488
7552643
7631340
7633574
7638070
7608582
7635324
7614774
7657929
7653564
7682592
7621497
7780294
7618553
7648137
