5839673
5838140
5806524
5826659
5853574
5835062
5943126
5963120
5976326
5943584
5847488
5844809
5836966
5836755
5840393
5826976
5831558
5843827
5827833
5825046
5850377
5820284
5819356
5828665
5922310
5838083
5834755
5750678
5781638
5826454
5958246
5838144
5827849
5823219
5836848
5839840
5823548
5831753
5828256
5846787
5836860
5829721
5835324
5804937
5841513
5822224
5826528
5936176
5826377
5823478
5835996
5822739
5819891
5822972
5817846
5829801
5829139
5835702
5830905
5834716
5822521
5826294
5929328
5826467
5822345
5847536
5954835
5835916
5837209
5818908
5827014
5823222
5748614
5949657
5821036
5825536
5824272
5824009
5814630
5829331
5831936
5823382
5830262
5834828
5830656
5934128
5815203
5454483
5945235
5830816
5828342
5950374
5837622
5819164
5836563
5926249
5938912
5818844
5830425
5827376
5811219
5858038
5648707
5828428
5822627
5824668
5828281
5950518
5823673
5826160
5814870
5826179
5804921
