14311315
14308851
14137254
14130444
14129868
14441760
14331302
14244268
14243500
14291904
14282387
14283264
14276441
14400204
14214880
14149817
14327494
14217228
14180096
14190918
14247353
14201305
14496211
14358412
14222131
14173574
14247737
14363961
14123872
14271155
14190118
14357600
14253548
14173657
14170649
14342758
14338233
14173427
14185196
14127910
14200857
14138758
14135456
14122304
14185030
14506316
14146816
14181856
14137472
14159603
14170784
14488537
14164083
14169369
14221011
14160160
14394361
14173747
14128928
14359955
14134291
13975641
14127756
14174220
14215097
14138137
14125484
14138291
14180576
14141587
14155155
14156377
14134963
14145740
14219123
14214643
14140089
14158080
14196659
14178438
13957452
14117971
14155238
14216896
14054675
14119987
14151046
14141945
14138784
14131686
14164588
14136992
14145184
14175334
14503104
14128787
14156601
14169491
14450105
14167808
14135564
14180486
14154508
14183635
14135276
14150124
14209824
14152678
14104243
14141280
14135104
14138771
14185420
14141004
14223040
14127168
14116019
14428160
14135987
14144819
14129606
14182310
14171872
14132057
14499571
14073740
14192332
14126560
14206118
14146924
14142406
14115859
14174368
14171372
14134284
14168236
14138816
14167187
14154105
14173177
14150419
14138982
14148985
14125817
14149420
14134233
14158886
14151552
14114995
14151801
14125702
14113049
14137664
14162771
14123513
14168460
14166342
14151097
14148518
14193459
14124851
14156864
14124025
14154553
14139174
14132640
14122188
14140268
14162387
14145088
14172940
14152492
14499347
14157203
14103571
14109472
14187219
14141964
14138374
14146220
13959225
14139705
14207916
14108716
14123987
14167782
14146764
14112211
14164537
14149888
14157920
14087091
14108652
14162688
14137113
14060339
14149555
14263628
14136115
14132358
14164544
14141920
14144262
14106502
14156217
14183417
14126150
14496364
14167833
13944217
14158444
14191641
14171872
14141324
14119929
14171584
14373427
14188422
14185728
14112275
14154080
14129484
14141145
14158080
14130515
14157888
14198003
14238022
14281849
14443142
14314214
14248896
14299635
14293049
14217241
14245990
14404556
14138892
14097068
14129382
14158496
14155424
14161696
14165248
14125324
14141184
14288409
14302822
14240307
14251040
14238150
14293017
14252153
14183494
14328665
14210540
14275929
14284384
14136364
14114656
14157222
14157184
14128467
14181043
14230976
14244441
14209260
14135750
14138208
14136646
14130316
14125952
14149184
14135635
14148460
14124800
14140332
14143961
14115456
14122873
14155641
14160384
14159897
14271539
14103718
14147398
14136748
14147347
14150444
14147897
14168748
14116390
14156620
14131974
14289235
14146553
14102323
14121452
14157728
14197548
14244985
14114688
14133676
14149766
14134323
14111641
14153209
14126912
14201088
14196326
14239744
14219756
14133305
14269843
14282419
14243884
14104486
14171942
14111097
14233817
14128300
14178745
14133395
14185804
14351500
14361932
14174617
14164096
14211334
14270553
14275468
14240678
14101267
14165964
14232492
14191129
14349632
14103513
14360217
14208633
14295315
14164185
14316345
14257158
14118566
14256339
14328620
14284691
14185721
14258009
14234355
14138220
14308544
14223897
14151232
14340793
14480102
14466259
14171456
14128473
14452998
14278547
14409491
14260032
14181939
14276870
14287142
14326681
14172985
14228326
14304550
14148569
14206668
14147289
14211193
14110092
14141472
14261612
14136179
14226937
14112672
14133209
14278323
14139289
14100601
14200121
14167763
14181132
14251264
14276838
14162572
14258707
14253894
14308179
14072582
14103430
14256537
14115328
14310118
14297561
14328576
14235667
14139750
14252070
14426252
14153395
14450227
14116339
14264876
14251104
14172787
14203584
14151590
14162598
14200748
14092339
14100620
14186937
14106380
14116160
14120480
14099104
14117126
14122969
14038579
14128377
14104870
14127001
14075289
14054291
14110630
14082022
14088748
14061836
14100307
14096915
14092844
14128921
14030924
14102585
14106816
14087929
14110816
14124057
14109964
14128678
14129856
14138240
14120460
14114745
14106579
14160249
14114784
14113030
14121209
14094176
14133542
14452492
14111078
14126995
14139142
14144825
14038272
14170656
14157734
14130496
14163846
14195251
14198732
14119865
14118828
14151379
14118720
14122534
14132166
14157958
14133337
14060345
14457593
14141094
14164006
14108755
14179801
14045011
14135219
14147814
14113433
14101894
14088019
14154041
14082022
14082252
14082899
14102112
14461504
14246361
14084819
14286630
14157216
14192396
14116992
14145478
14102745
