7307478
7385897
7270713
7249795
7174998
7275875
7268323
7273769
7259465
7249705
7328537
7197120
7190089
7402332
7259638
7426028
7417427
7296166
7274441
7225190
7252064
7429817
7401932
7277516
7255056
7239667
7257366
7219440
7404307
7311052
7241491
7275740
7243120
7242873
7257811
7190713
7414508
7032915
7250064
7230467
7217804
7373430
7240288
7354432
7272172
7238096
7357523
7220889
7231558
7243891
7248732
7193510
7377430
7246854
7255116
7368156
7227628
7169260
7186640
7371872
7259507
7238044
7259843
7164403
7257481
7206528
6854390
7230108
7228438
7417344
7225481
7231520
7251001
7161494
7261398
7218243
7257961
7041596
7389344
7240988
7235020
7169590
7219539
7372579
7359414
7172870
7284646
7251859
7211692
7234339
7247670
7412185
7260633
7152822
7236384
7248227
7156288
7232374
7263580
7243180
7133219
7244064
7251856
7375459
7238560
7193241
7363763
7247283
7245193
7376428
7241020
7156355
7356576
7245478
7411584
7391881
7236275
7296150
7359539
7394217
7284832
7231449
7146304
7261366
7183984
7162652
7400451
7255292
7344316
7395328
7208659
7394892
7166035
7242502
7219004
7238240
7185401
7223497
7247734
7165072
7254752
7224320
7245680
7233356
7233606
7396176
7227673
7223353
7130592
7259836
7251110
7249139
7398800
7241238
7252444
7243369
7251417
7395043
7236547
7230236
7156147
7354720
7147292
7170268
7243664
7239616
7209619
7178342
7261680
7240675
7231929
7398633
7378323
7297820
6967955
7232092
7233942
7161961
7239862
7233468
7237180
7253808
7149008
7379072
7396777
7248828
7226198
7219507
7249500
7248057
7363532
7383408
7162419
7239619
7209491
7238659
7213251
7238208
7232204
7150681
7243334
6976902
7200003
7243913
7166752
7225036
7142185
7368636
7409116
7249612
7146387
7224048
7381440
7225715
7370432
7388937
7234876
7212380
6990105
7229008
7352067
7266054
7360624
6981923
7248665
7396329
7212656
7224748
7160102
7192960
7206067
7220918
7227456
7221568
7048492
7180646
7220761
7306883
7373568
7173596
7209715
7227324
7352390
7320710
7285267
7155552
7370489
6912166
7235161
7225254
7222467
7221776
7244409
7229440
7350822
7164352
7282092
7401145
6934278
7289267
7237043
7230256
7237779
7239193
7302057
7360640
7233548
7221507
7267900
7250304
7241702
7225590
7396067
7193891
7225340
7233584
7383961
7217408
7399040
7218633
7209593
7241804
7142124
7255001
7239308
7250563
7136569
7223651
7139321
7241203
7216473
7386553
7357804
7169030
7249289
7358963
7164137
7371769
7204742
7226201
7233526
7238838
7402713
7318841
7155212
7217052
7256300
7000041
7147840
7359270
7397737
7159651
7403356
7229891
7098172
7170566
7237219
7237110
7236540
7210963
7217875
7242435
7352336
7237977
7219420
7232275
7213564
6921708
7248009
7267984
7128672
7170348
7158672
7229392
7223641
7379952
7249990
7248816
7406073
7234931
7256121
7185030
7262643
7331014
7255033
7194025
7245862
7256684
7267833
7438800
7242307
7253747
7254444
7437926
7401136
7263939
7258595
7414742
7441846
7398259
7231433
7099987
7284860
7268163
7284364
7252108
7264697
7272412
7102537
7244294
7274451
7398428
7416659
7252444
7254534
7265846
7247046
7434185
7261920
7247008
7246854
7258979
7256390
7243382
7258272
7248956
7230604
7257692
7210524
7401753
7415891
7256812
7255280
7240780
7423702
7257552
7260585
7272070
7273273
7276675
7255734
7256540
7290313
7263900
7254806
7234857
7415078
7193545
7275552
7264774
7257788
7195033
7278256
7268841
7258608
7412585
7287027
7290246
7292256
7293388
7403027
7249478
7279676
7258691
7290003
7232192
7420588
7245340
7264976
7264915
7271964
7212208
7244448
7258259
7118345
7271708
7268787
7274256
7430803
7434320
7402022
7263136
7267395
7252640
7415580
7256169
7256908
7192508
7245657
7409187
7393888
7270236
7392905
7417808
7263132
7223737
7225212
7413968
7410400
7277206
7264960
7272518
7250582
7294793
7266572
7256310
7389993
7443798
7248284
7257561
7277580
7397504
7396086
7259948
7246790
7275014
7261987
7274022
7119926
7368835
7252675
7241683
7266880
7254352
7264128
7255552
7279203
7263561
7421910
7238512
7260729
7269792
7255779
7252137
7434707
7415152
7247702
7202598
7250697
7395152
7266188
7273475
7235990
7248876
7292326
7433651
7278217
7254256
7230179
7257811
7271308
7085152
7285792
7426995
7246073
7245852
7269584
7250790
7230752
7261772
7249734
7256406
7240902
7269440
7265881
7276860
7261635
7128457
7282448
7262224
7405017
7253388
7260643
7254409
7449043
7253552
7258307
7267145
7268182
7417881
7390816
7257126
7281712
7419756
7248422
7230211
7268806
7276662
7257955
7251766
7265596
7251545
7270009
7275721
7260416
7255075
7271811
7404547
7271846
7262742
7275824
7260313
7282438
7242710
7273187
7274198
7434636
7244028
7291200
7274112
7238131
